% Layout
% step ex ey ez bx by bz "He" "electron"
% timestep = 3.291692e-02
0 0.000000e+00 0.000000e+00 0.000000e+00 0.000000e+00 0.000000e+00 0.000000e+00 1.441276e-02 1.726937e-01
2428 2.112748e-05 5.443756e-02 1.730740e-05 4.776626e-05 6.813423e-07 5.105188e-02 1.442019e-02 1.753946e-01
4856 1.842701e-05 6.692707e-02 1.511715e-05 6.286808e-05 7.090505e-07 6.903980e-02 1.442957e-02 1.764994e-01
7284 1.826128e-05 6.722040e-02 1.486906e-05 6.454149e-05 7.170194e-07 6.886113e-02 1.443201e-02 1.766481e-01
9712 1.870249e-05 7.254317e-02 1.520326e-05 6.106957e-05 7.200691e-07 6.385037e-02 1.443132e-02 1.765248e-01
12140 1.872313e-05 7.350153e-02 1.524694e-05 5.882512e-05 7.233746e-07 6.295156e-02 1.443137e-02 1.766107e-01
14568 1.837214e-05 6.831028e-02 1.510859e-05 6.185282e-05 7.225610e-07 6.785505e-02 1.443224e-02 1.769964e-01
16996 1.832824e-05 6.628193e-02 1.497884e-05 6.457392e-05 7.275424e-07 6.977768e-02 1.443285e-02 1.772012e-01
19424 1.843578e-05 7.114084e-02 1.499058e-05 6.206819e-05 7.276907e-07 6.520041e-02 1.443307e-02 1.770502e-01
21852 1.840890e-05 7.415279e-02 1.496403e-05 5.912505e-05 7.347508e-07 6.237043e-02 1.443330e-02 1.769714e-01
24280 1.841826e-05 6.986736e-02 1.499733e-05 6.119308e-05 7.351980e-07 6.642113e-02 1.443369e-02 1.772506e-01
26708 1.840068e-05 6.597095e-02 1.495412e-05 6.445165e-05 7.284594e-07 7.010058e-02 1.443406e-02 1.774987e-01
29136 1.849833e-05 6.938715e-02 1.500827e-05 6.312000e-05 7.306389e-07 6.687426e-02 1.443438e-02 1.773752e-01
31564 1.856827e-05 7.403584e-02 1.491493e-05 5.970026e-05 7.292137e-07 6.248330e-02 1.443471e-02 1.771937e-01
33992 1.892840e-05 7.183001e-02 1.498813e-05 6.022435e-05 7.366168e-07 6.456645e-02 1.443506e-02 1.773359e-01
36420 1.930014e-05 6.671423e-02 1.501920e-05 6.368296e-05 7.382531e-07 6.939586e-02 1.443536e-02 1.776183e-01
38848 2.036458e-05 6.740965e-02 1.494664e-05 6.430447e-05 7.363196e-07 6.872570e-02 1.443564e-02 1.776169e-01
41276 2.246517e-05 7.256039e-02 1.496495e-05 6.123965e-05 7.376655e-07 6.385101e-02 1.443593e-02 1.773882e-01
43704 2.731878e-05 7.347559e-02 1.502778e-05 5.961623e-05 7.421819e-07 6.297441e-02 1.443627e-02 1.773755e-01
46132 3.859117e-05 6.874714e-02 1.506703e-05 6.214387e-05 7.468894e-07 6.740039e-02 1.443662e-02 1.776507e-01
48560 6.453059e-05 6.626443e-02 1.516808e-05 6.505008e-05 7.515817e-07 6.966757e-02 1.443695e-02 1.778396e-01
50988 1.223984e-04 6.996564e-02 1.551231e-05 6.430718e-05 7.605635e-07 6.602019e-02 1.443731e-02 1.777644e-01
53416 2.485387e-04 7.344079e-02 1.605044e-05 6.253660e-05 7.838302e-07 6.241335e-02 1.443767e-02 1.778470e-01
55844 5.118103e-04 7.057557e-02 1.762418e-05 6.604863e-05 8.927170e-07 6.444791e-02 1.443801e-02 1.785342e-01
58272 9.904519e-04 6.552275e-02 2.109017e-05 7.715077e-05 1.373147e-06 6.797859e-02 1.443846e-02 1.799056e-01
60700 1.625079e-03 6.599860e-02 3.207768e-05 9.631163e-05 3.093255e-06 6.610640e-02 1.443897e-02 1.818315e-01
63128 1.775757e-03 7.160564e-02 6.960123e-05 1.090285e-04 6.600043e-06 6.201031e-02 1.443948e-02 1.835761e-01
65556 1.166657e-03 7.283704e-02 8.141389e-05 7.365414e-05 6.653181e-06 6.344982e-02 1.444006e-02 1.835365e-01
67984 7.919418e-04 6.763300e-02 6.815227e-05 7.527848e-05 4.697469e-06 6.856179e-02 1.444056e-02 1.820743e-01
70412 6.142339e-04 6.650687e-02 5.865343e-05 7.622254e-05 3.892330e-06 6.941001e-02 1.444108e-02 1.803350e-01
72840 4.722548e-04 7.189949e-02 5.012399e-05 7.352002e-05 3.463186e-06 6.455809e-02 1.444154e-02 1.790017e-01
75268 4.483144e-04 7.388640e-02 4.393137e-05 7.173829e-05 3.052176e-06 6.236426e-02 1.444200e-02 1.785232e-01
77696 4.878682e-04 6.906102e-02 4.058613e-05 7.609714e-05 2.823063e-06 6.689671e-02 1.444245e-02 1.786582e-01
80124 5.065612e-04 6.602570e-02 3.884562e-05 8.261689e-05 2.867761e-06 6.999848e-02 1.444290e-02 1.788840e-01
82552 4.591833e-04 7.018312e-02 3.806532e-05 8.387544e-05 2.812787e-06 6.624997e-02 1.444341e-02 1.787402e-01
84980 4.196806e-04 7.423482e-02 3.783196e-05 7.775444e-05 2.543896e-06 6.239320e-02 1.444392e-02 1.784145e-01
87408 3.835566e-04 7.125439e-02 3.520400e-05 7.354588e-05 2.264374e-06 6.505011e-02 1.444444e-02 1.784536e-01
89836 3.720701e-04 6.643123e-02 3.397754e-05 7.183987e-05 2.000616e-06 6.950739e-02 1.444500e-02 1.786048e-01
92264 3.560322e-04 6.775055e-02 3.101987e-05 7.034784e-05 1.853784e-06 6.817360e-02 1.444545e-02 1.785138e-01
94692 3.874778e-04 7.271436e-02 3.013370e-05 6.719203e-05 1.757701e-06 6.330889e-02 1.444584e-02 1.783714e-01
97120 4.741230e-04 7.287542e-02 2.868802e-05 6.778361e-05 1.801660e-06 6.292884e-02 1.444633e-02 1.786034e-01
99548 6.275107e-04 6.777933e-02 3.144706e-05 7.412531e-05 2.036927e-06 6.737473e-02 1.444694e-02 1.792661e-01
101976 8.167032e-04 6.565714e-02 3.660036e-05 8.091644e-05 2.623931e-06 6.895611e-02 1.444759e-02 1.800043e-01
104404 8.938867e-04 7.001554e-02 4.476644e-05 8.053708e-05 3.344021e-06 6.502135e-02 1.444826e-02 1.804154e-01
106832 7.470141e-04 7.381330e-02 4.942718e-05 7.205604e-05 3.523273e-06 6.236464e-02 1.444887e-02 1.802998e-01
109260 6.353541e-04 7.041875e-02 4.893726e-05 7.236277e-05 3.222388e-06 6.553552e-02 1.444944e-02 1.800608e-01
111688 5.479755e-04 6.622855e-02 4.630336e-05 7.712722e-05 3.042549e-06 6.979593e-02 1.445002e-02 1.797015e-01
114116 4.782100e-04 6.872673e-02 4.388211e-05 7.824698e-05 2.729920e-06 6.754047e-02 1.445067e-02 1.791047e-01
116544 4.762563e-04 7.380107e-02 4.088872e-05 7.369969e-05 2.676350e-06 6.255445e-02 1.445136e-02 1.786258e-01
118972 5.464359e-04 7.234822e-02 3.919886e-05 7.252640e-05 2.602073e-06 6.367530e-02 1.445208e-02 1.787238e-01
121400 6.478795e-04 6.658249e-02 4.064079e-05 7.723366e-05 2.726333e-06 6.894865e-02 1.445277e-02 1.792114e-01
123828 7.088536e-04 6.668503e-02 4.189673e-05 7.836313e-05 2.833314e-06 6.888175e-02 1.445343e-02 1.794701e-01
126256 6.226241e-04 7.252836e-02 4.291330e-05 7.218138e-05 2.740921e-06 6.368106e-02 1.445410e-02 1.792945e-01
128684 5.399112e-04 7.365329e-02 4.071665e-05 6.854936e-05 2.447952e-06 6.267112e-02 1.445476e-02 1.790282e-01
131112 5.195519e-04 6.817070e-02 4.016825e-05 7.059030e-05 2.385063e-06 6.761079e-02 1.445547e-02 1.791057e-01
133540 5.152232e-04 6.606808e-02 3.843337e-05 7.271116e-05 2.488377e-06 6.974927e-02 1.445619e-02 1.790973e-01
135968 4.431947e-04 7.090299e-02 3.901884e-05 6.944438e-05 2.446095e-06 6.540695e-02 1.445693e-02 1.788278e-01
138396 3.812927e-04 7.412269e-02 3.761512e-05 6.747622e-05 2.278764e-06 6.240363e-02 1.445767e-02 1.785574e-01
140824 3.418378e-04 7.036040e-02 3.532030e-05 7.011406e-05 2.269152e-06 6.587577e-02 1.445844e-02 1.786123e-01
143252 3.768030e-04 6.615296e-02 3.418810e-05 7.289569e-05 2.233343e-06 6.971244e-02 1.445917e-02 1.787524e-01
145680 4.930592e-04 6.839599e-02 3.442233e-05 7.207642e-05 2.246040e-06 6.733047e-02 1.445986e-02 1.787558e-01
148108 6.150466e-04 7.301004e-02 3.694238e-05 6.904321e-05 2.329548e-06 6.263009e-02 1.446053e-02 1.788703e-01
150536 7.845902e-04 7.205089e-02 3.823837e-05 6.954763e-05 2.611785e-06 6.315048e-02 1.446140e-02 1.793953e-01
152964 8.938340e-04 6.701640e-02 4.342205e-05 7.208372e-05 3.204243e-06 6.773262e-02 1.446256e-02 1.802271e-01
155392 8.497575e-04 6.648320e-02 4.903678e-05 7.343850e-05 3.616696e-06 6.895040e-02 1.446389e-02 1.804803e-01
157820 6.254079e-04 7.150156e-02 4.953003e-05 7.109399e-05 3.466802e-06 6.481188e-02 1.446488e-02 1.799562e-01
160248 4.820850e-04 7.379763e-02 4.526244e-05 6.504553e-05 3.049506e-06 6.252903e-02 1.446534e-02 1.792745e-01
162676 3.711630e-04 6.961324e-02 3.994398e-05 6.644449e-05 2.765098e-06 6.664492e-02 1.446589e-02 1.788572e-01
165104 3.300698e-04 6.591102e-02 3.610314e-05 6.974681e-05 2.550936e-06 7.007433e-02 1.446673e-02 1.786397e-01
167532 3.113496e-04 6.945337e-02 3.282348e-05 6.840454e-05 2.355422e-06 6.665910e-02 1.446780e-02 1.783662e-01
169960 3.397036e-04 7.418225e-02 3.210777e-05 6.526160e-05 2.358170e-06 6.209378e-02 1.446883e-02 1.781666e-01
172388 3.925293e-04 7.147022e-02 3.279602e-05 6.692833e-05 2.358121e-06 6.454667e-02 1.446961e-02 1.784503e-01
174816 4.609052e-04 6.596939e-02 3.374966e-05 7.243048e-05 2.412288e-06 6.966415e-02 1.447017e-02 1.789362e-01
177244 5.107213e-04 6.755835e-02 3.605551e-05 7.363854e-05 2.484303e-06 6.825591e-02 1.447072e-02 1.790344e-01
179672 5.002469e-04 7.340853e-02 3.660154e-05 6.958871e-05 2.417863e-06 6.293484e-02 1.447150e-02 1.787864e-01
182100 4.750548e-04 7.307014e-02 3.730168e-05 6.880685e-05 2.328292e-06 6.327272e-02 1.447252e-02 1.787300e-01
184528 5.038348e-04 6.733440e-02 3.661286e-05 7.371349e-05 2.295366e-06 6.855272e-02 1.447359e-02 1.789313e-01
186956 5.397787e-04 6.627442e-02 3.686205e-05 7.621034e-05 2.354867e-06 6.929494e-02 1.447438e-02 1.791128e-01
189384 5.944228e-04 7.117067e-02 3.672509e-05 7.266337e-05 2.709892e-06 6.441669e-02 1.447521e-02 1.791989e-01
191812 6.866115e-04 7.324349e-02 4.201204e-05 6.943790e-05 3.002346e-06 6.254605e-02 1.447626e-02 1.793938e-01
194240 6.811678e-04 6.937220e-02 4.368550e-05 7.365769e-05 2.896909e-06 6.669338e-02 1.447763e-02 1.796391e-01
196668 5.511362e-04 6.641651e-02 4.229041e-05 7.666995e-05 2.724968e-06 6.972559e-02 1.447886e-02 1.795809e-01
199096 4.789301e-04 6.944084e-02 4.061785e-05 7.577004e-05 2.468281e-06 6.684384e-02 1.447967e-02 1.790088e-01
201524 5.145055e-04 7.349060e-02 3.961422e-05 7.165825e-05 2.281183e-06 6.291673e-02 1.448035e-02 1.784075e-01
203952 4.121798e-04 7.185513e-02 3.666528e-05 6.963187e-05 2.135250e-06 6.437784e-02 1.448127e-02 1.784567e-01
206380 4.312766e-04 6.711235e-02 3.618335e-05 7.202012e-05 2.101305e-06 6.881386e-02 1.448257e-02 1.787166e-01
208808 4.704675e-04 6.710793e-02 3.611218e-05 7.360293e-05 2.129296e-06 6.876261e-02 1.448389e-02 1.787822e-01
211236 4.700135e-04 7.208514e-02 3.645265e-05 7.042058e-05 2.108176e-06 6.404281e-02 1.448493e-02 1.785962e-01
213664 4.454302e-04 7.357289e-02 3.617377e-05 6.730996e-05 2.009096e-06 6.269051e-02 1.448565e-02 1.785469e-01
216092 4.272328e-04 6.870860e-02 3.600641e-05 6.926979e-05 2.006657e-06 6.737290e-02 1.448618e-02 1.787386e-01
218520 3.834068e-04 6.595487e-02 3.467257e-05 7.185455e-05 1.998746e-06 7.003693e-02 1.448673e-02 1.787953e-01
220948 3.558486e-04 7.051838e-02 3.414998e-05 6.940577e-05 1.965691e-06 6.575448e-02 1.448749e-02 1.784640e-01
223376 3.586742e-04 7.443868e-02 3.291597e-05 6.582495e-05 1.908958e-06 6.205782e-02 1.448847e-02 1.781795e-01
225804 3.287308e-04 7.053300e-02 3.142717e-05 6.733795e-05 1.879532e-06 6.572192e-02 1.448958e-02 1.783825e-01
228232 3.405877e-04 6.576731e-02 2.992698e-05 7.085008e-05 1.829823e-06 7.011552e-02 1.449052e-02 1.786440e-01
230660 3.823034e-04 6.870622e-02 2.999482e-05 6.975181e-05 1.836523e-06 6.717722e-02 1.449144e-02 1.786181e-01
233088 4.628517e-04 7.389222e-02 3.078362e-05 6.744762e-05 1.891180e-06 6.216307e-02 1.449245e-02 1.785376e-01
235516 5.246509e-04 7.203295e-02 3.345839e-05 6.880159e-05 1.973309e-06 6.398973e-02 1.449376e-02 1.787955e-01
237944 5.077199e-04 6.674851e-02 3.396570e-05 7.051954e-05 2.038383e-06 6.924455e-02 1.449532e-02 1.791117e-01
240372 4.374768e-04 6.733872e-02 3.302114e-05 6.916521e-05 1.942653e-06 6.879768e-02 1.449670e-02 1.789612e-01
242800 3.640731e-04 7.245847e-02 3.105909e-05 6.616848e-05 1.775448e-06 6.391671e-02 1.449756e-02 1.784903e-01
245228 3.698476e-04 7.329478e-02 3.069915e-05 6.499279e-05 1.712506e-06 6.311486e-02 1.449817e-02 1.781536e-01
247656 2.582000e-04 6.872252e-02 2.696971e-05 6.744489e-05 1.673505e-06 6.745043e-02 1.449894e-02 1.783361e-01
250084 2.596630e-04 6.651576e-02 2.678162e-05 6.926296e-05 1.614702e-06 6.952257e-02 1.449986e-02 1.783601e-01
252512 2.345651e-04 7.012331e-02 2.656957e-05 6.751575e-05 1.606386e-06 6.608068e-02 1.450093e-02 1.781459e-01
254940 1.913132e-04 7.354686e-02 2.539914e-05 6.489752e-05 1.547438e-06 6.284455e-02 1.450189e-02 1.779356e-01
257368 1.895024e-04 7.116384e-02 2.537263e-05 6.540825e-05 1.515509e-06 6.510636e-02 1.450250e-02 1.779882e-01
259796 1.881703e-04 6.679901e-02 2.375306e-05 6.842394e-05 1.466146e-06 6.922379e-02 1.450291e-02 1.781803e-01
262224 1.834249e-04 6.785014e-02 2.335676e-05 6.878981e-05 1.457419e-06 6.819221e-02 1.450343e-02 1.781327e-01
264652 1.764763e-04 7.284525e-02 2.315568e-05 6.534886e-05 1.447088e-06 6.345495e-02 1.450414e-02 1.778878e-01
267080 1.664029e-04 7.314840e-02 2.256321e-05 6.434600e-05 1.390763e-06 6.322116e-02 1.450499e-02 1.778695e-01
269508 1.657449e-04 6.782505e-02 2.291967e-05 6.816876e-05 1.364540e-06 6.832095e-02 1.450600e-02 1.781269e-01
271936 1.666820e-04 6.618632e-02 2.306043e-05 7.057554e-05 1.352315e-06 6.985833e-02 1.450692e-02 1.781961e-01
274364 1.869583e-04 7.143549e-02 2.262111e-05 6.737702e-05 1.332495e-06 6.481497e-02 1.450750e-02 1.779418e-01
276792 1.847040e-04 7.418916e-02 2.204126e-05 6.496559e-05 1.348700e-06 6.217524e-02 1.450793e-02 1.778730e-01
279220 1.969447e-04 6.932695e-02 2.229334e-05 6.799103e-05 1.344545e-06 6.682392e-02 1.450855e-02 1.781510e-01
281648 2.251101e-04 6.568501e-02 2.324880e-05 7.058151e-05 1.340980e-06 7.035387e-02 1.450943e-02 1.783148e-01
284076 1.994350e-04 6.992099e-02 2.332869e-05 6.754651e-05 1.319927e-06 6.635002e-02 1.451046e-02 1.781116e-01
286504 1.862260e-04 7.433093e-02 2.305191e-05 6.470005e-05 1.299682e-06 6.212610e-02 1.451158e-02 1.778963e-01
288932 1.984249e-04 7.118879e-02 2.252200e-05 6.656512e-05 1.288982e-06 6.513592e-02 1.451250e-02 1.779964e-01
291360 1.422018e-04 6.635816e-02 2.125814e-05 6.940702e-05 1.259165e-06 6.974918e-02 1.451301e-02 1.782157e-01
293788 1.884539e-04 6.818079e-02 2.202556e-05 6.823262e-05 1.257171e-06 6.798649e-02 1.451324e-02 1.780318e-01
296216 1.300759e-04 7.306037e-02 2.085806e-05 6.569807e-05 1.224794e-06 6.328535e-02 1.451369e-02 1.778366e-01
298644 1.655578e-04 7.268069e-02 2.206640e-05 6.606718e-05 1.220658e-06 6.364963e-02 1.451454e-02 1.777960e-01
301072 1.305303e-04 6.805209e-02 2.121133e-05 6.818796e-05 1.236554e-06 6.808375e-02 1.451570e-02 1.780235e-01
303500 1.300420e-04 6.689577e-02 2.120063e-05 6.856042e-05 1.192227e-06 6.918613e-02 1.451670e-02 1.780493e-01
305928 1.118759e-04 7.090481e-02 2.058612e-05 6.662147e-05 1.171780e-06 6.532711e-02 1.451723e-02 1.778474e-01
308356 1.090099e-04 7.347334e-02 1.939394e-05 6.504802e-05 1.174118e-06 6.287052e-02 1.451742e-02 1.776720e-01
310784 1.082789e-04 7.030322e-02 1.978952e-05 6.650238e-05 1.158406e-06 6.590194e-02 1.451765e-02 1.778034e-01
313212 1.049087e-04 6.644284e-02 1.933240e-05 6.909931e-05 1.138713e-06 6.956272e-02 1.451829e-02 1.780205e-01
315640 1.255365e-04 6.850535e-02 1.985729e-05 6.838873e-05 1.151223e-06 6.756220e-02 1.451923e-02 1.779341e-01
318068 1.197494e-04 7.331446e-02 1.946479e-05 6.487023e-05 1.150685e-06 6.299144e-02 1.452034e-02 1.777279e-01
320496 1.233732e-04 7.243521e-02 1.991133e-05 6.458152e-05 1.129965e-06 6.388304e-02 1.452126e-02 1.777770e-01
322924 1.280864e-04 6.703894e-02 1.947735e-05 6.830850e-05 1.117676e-06 6.907325e-02 1.452166e-02 1.780057e-01
325352 9.452975e-05 6.679633e-02 1.901566e-05 6.920291e-05 1.111026e-06 6.931136e-02 1.452173e-02 1.780059e-01
327780 1.109254e-04 7.253384e-02 1.930590e-05 6.536320e-05 1.096994e-06 6.383421e-02 1.452193e-02 1.776679e-01
330208 8.105622e-05 7.395712e-02 1.870465e-05 6.423743e-05 1.078622e-06 6.248723e-02 1.452262e-02 1.776231e-01
332636 8.727964e-05 6.835760e-02 1.889315e-05 6.816505e-05 1.076202e-06 6.786307e-02 1.452365e-02 1.778692e-01
335064 7.979764e-05 6.589834e-02 1.855629e-05 6.972709e-05 1.057760e-06 7.023334e-02 1.452462e-02 1.779618e-01
337492 6.821167e-05 7.099546e-02 1.813469e-05 6.596078e-05 1.045450e-06 6.536123e-02 1.452521e-02 1.776906e-01
339920 6.608008e-05 7.432597e-02 1.806521e-05 6.398290e-05 1.037131e-06 6.215275e-02 1.452540e-02 1.775127e-01
342348 5.979372e-05 7.009101e-02 1.768860e-05 6.713336e-05 1.018741e-06 6.619959e-02 1.452554e-02 1.777033e-01
344776 5.912069e-05 6.609650e-02 1.744546e-05 6.939745e-05 1.004630e-06 7.002739e-02 1.452593e-02 1.778756e-01
347204 5.076511e-05 6.912300e-02 1.713063e-05 6.721961e-05 1.013758e-06 6.710254e-02 1.452665e-02 1.777454e-01
349632 6.501321e-05 7.347304e-02 1.741200e-05 6.504528e-05 9.937705e-07 6.288718e-02 1.452755e-02 1.775395e-01
352060 7.025518e-05 7.185376e-02 1.780108e-05 6.645442e-05 9.932751e-07 6.441440e-02 1.452837e-02 1.776149e-01
354488 6.915482e-05 6.738722e-02 1.750684e-05 6.873662e-05 9.931330e-07 6.869630e-02 1.452888e-02 1.778591e-01
356916 7.658411e-05 6.739199e-02 1.813567e-05 6.863095e-05 9.699676e-07 6.866929e-02 1.452906e-02 1.778789e-01
359344 8.128897e-05 7.158322e-02 1.783129e-05 6.666849e-05 9.582204e-07 6.462628e-02 1.452926e-02 1.776744e-01
361772 7.285669e-05 7.312333e-02 1.809233e-05 6.566640e-05 9.715643e-07 6.316678e-02 1.452976e-02 1.775970e-01
364200 6.920437e-05 6.946377e-02 1.766303e-05 6.737043e-05 9.515669e-07 6.671896e-02 1.453057e-02 1.777611e-01
366628 6.035260e-05 6.649332e-02 1.743825e-05 6.937699e-05 9.428465e-07 6.956824e-02 1.453144e-02 1.778998e-01
369056 5.332606e-05 6.944435e-02 1.726212e-05 6.812623e-05 9.534076e-07 6.672891e-02 1.453202e-02 1.777247e-01
371484 5.142967e-05 7.369747e-02 1.700084e-05 6.527726e-05 9.442448e-07 6.267024e-02 1.453232e-02 1.774805e-01
373912 5.203190e-05 7.169409e-02 1.682313e-05 6.606857e-05 9.426752e-07 6.461602e-02 1.453248e-02 1.775762e-01
376340 4.223523e-05 6.650951e-02 1.658316e-05 6.965816e-05 9.284309e-07 6.959540e-02 1.453275e-02 1.778505e-01
378768 4.997081e-05 6.748299e-02 1.663636e-05 6.922487e-05 9.248481e-07 6.866092e-02 1.453325e-02 1.777938e-01
381196 4.786941e-05 7.325138e-02 1.652299e-05 6.541387e-05 9.230881e-07 6.314219e-02 1.453391e-02 1.775106e-01
383624 5.223161e-05 7.333567e-02 1.689218e-05 6.574274e-05 9.284685e-07 6.306935e-02 1.453467e-02 1.775265e-01
386052 5.949076e-05 6.737867e-02 1.710344e-05 7.009297e-05 9.214686e-07 6.879098e-02 1.453533e-02 1.778247e-01
388480 5.361466e-05 6.624931e-02 1.681028e-05 7.048709e-05 9.095982e-07 6.989303e-02 1.453573e-02 1.778769e-01
390908 5.655500e-05 7.196060e-02 1.705311e-05 6.651103e-05 9.135998e-07 6.440988e-02 1.453589e-02 1.775816e-01
393336 4.953453e-05 7.403827e-02 1.677221e-05 6.598886e-05 9.123375e-07 6.238921e-02 1.453621e-02 1.774877e-01
395764 5.647227e-05 6.897304e-02 1.695959e-05 6.983460e-05 9.148222e-07 6.724495e-02 1.453680e-02 1.777161e-01
398192 4.925149e-05 6.606737e-02 1.663708e-05 7.081305e-05 9.096197e-07 7.005167e-02 1.453753e-02 1.778427e-01
400620 5.050072e-05 7.009222e-02 1.662218e-05 6.762378e-05 8.999050e-07 6.616210e-02 1.453825e-02 1.776384e-01
403048 4.612288e-05 7.360959e-02 1.659301e-05 6.631814e-05 8.988615e-07 6.273653e-02 1.453873e-02 1.774598e-01
405476 4.443782e-05 7.090454e-02 1.665007e-05 6.850934e-05 8.915855e-07 6.533106e-02 1.453895e-02 1.775717e-01
407904 4.528626e-05 6.697727e-02 1.646471e-05 7.011358e-05 8.907303e-07 6.911609e-02 1.453911e-02 1.777589e-01
410332 4.743077e-05 6.812717e-02 1.658498e-05 6.905577e-05 8.857102e-07 6.798102e-02 1.453935e-02 1.777103e-01
412760 4.531146e-05 7.216180e-02 1.644416e-05 6.741683e-05 8.904089e-07 6.405875e-02 1.453987e-02 1.775230e-01
415188 5.192124e-05 7.262513e-02 1.668327e-05 6.742593e-05 8.982726e-07 6.362350e-02 1.454057e-02 1.774948e-01
417616 5.161606e-05 6.871014e-02 1.663598e-05 6.914464e-05 8.798581e-07 6.741711e-02 1.454129e-02 1.777027e-01
420044 6.378050e-05 6.664705e-02 1.696908e-05 7.038178e-05 8.898100e-07 6.939228e-02 1.454181e-02 1.778220e-01
422472 6.129323e-05 7.017147e-02 1.687636e-05 6.859497e-05 8.791120e-07 6.598759e-02 1.454203e-02 1.776667e-01
424900 7.577249e-05 7.368438e-02 1.710234e-05 6.639525e-05 8.739935e-07 6.263822e-02 1.454223e-02 1.774794e-01
427328 6.396787e-05 7.077223e-02 1.721318e-05 6.826193e-05 8.763002e-07 6.546014e-02 1.454258e-02 1.776711e-01
429756 8.557280e-05 6.608770e-02 1.737943e-05 7.165859e-05 8.775545e-07 6.996506e-02 1.454325e-02 1.779120e-01
432184 9.020504e-05 6.823157e-02 1.773034e-05 7.026789e-05 8.738982e-07 6.789906e-02 1.454403e-02 1.778231e-01
434612 9.780266e-05 7.378301e-02 1.805594e-05 6.653827e-05 8.844573e-07 6.257305e-02 1.454475e-02 1.775714e-01
437040 1.048119e-04 7.257923e-02 1.823399e-05 6.778400e-05 8.876632e-07 6.375470e-02 1.454527e-02 1.776636e-01
439468 1.038310e-04 6.661324e-02 1.868732e-05 7.189746e-05 8.747174e-07 6.953065e-02 1.454564e-02 1.779541e-01
441896 1.108972e-04 6.689574e-02 1.900480e-05 7.092461e-05 8.752729e-07 6.928694e-02 1.454590e-02 1.778856e-01
444324 9.220502e-05 7.290933e-02 1.825364e-05 6.691595e-05 8.725351e-07 6.348669e-02 1.454625e-02 1.775737e-01
446752 8.886679e-05 7.362577e-02 1.784954e-05 6.775207e-05 8.818866e-07 6.275115e-02 1.454693e-02 1.775324e-01
449180 9.284700e-05 6.802271e-02 1.779940e-05 7.162093e-05 8.758503e-07 6.814265e-02 1.454781e-02 1.777888e-01
451608 7.565342e-05 6.635529e-02 1.759879e-05 7.134283e-05 8.844958e-07 6.976443e-02 1.454858e-02 1.778822e-01
454036 9.454279e-05 7.111600e-02 1.813465e-05 6.790647e-05 8.798242e-07 6.513235e-02 1.454904e-02 1.776506e-01
456464 9.387442e-05 7.360131e-02 1.836478e-05 6.766562e-05 8.745988e-07 6.266998e-02 1.454924e-02 1.775415e-01
458892 8.232286e-05 7.000703e-02 1.806492e-05 7.043815e-05 8.799430e-07 6.615291e-02 1.454938e-02 1.776969e-01
461320 9.286296e-05 6.680582e-02 1.789085e-05 7.146715e-05 8.723637e-07 6.925670e-02 1.454977e-02 1.778313e-01
463748 8.512553e-05 6.891012e-02 1.813808e-05 7.013516e-05 8.818373e-07 6.716061e-02 1.455046e-02 1.777569e-01
466176 9.956596e-05 7.253659e-02 1.825171e-05 6.905929e-05 8.852899e-07 6.359143e-02 1.455124e-02 1.775975e-01
468604 1.086026e-04 7.199741e-02 1.816622e-05 6.951534e-05 8.962222e-07 6.414404e-02 1.455194e-02 1.776331e-01
471032 1.135582e-04 6.809489e-02 1.913716e-05 7.095782e-05 8.938129e-07 6.795160e-02 1.455238e-02 1.778586e-01
473460 1.223018e-04 6.697259e-02 1.958691e-05 7.130258e-05 8.894221e-07 6.902733e-02 1.455265e-02 1.779274e-01
475888 1.026752e-04 7.086838e-02 1.858280e-05 6.925884e-05 8.755158e-07 6.527706e-02 1.455283e-02 1.777213e-01
478316 8.832958e-05 7.356790e-02 1.817838e-05 6.794719e-05 8.769387e-07 6.271899e-02 1.455322e-02 1.775532e-01
480744 1.032408e-04 6.993822e-02 1.831131e-05 7.047904e-05 8.898725e-07 6.626118e-02 1.455397e-02 1.777105e-01
483172 8.491921e-05 6.592765e-02 1.773031e-05 7.299554e-05 8.696771e-07 7.013661e-02 1.455482e-02 1.779355e-01
485600 7.978274e-05 6.911929e-02 1.775307e-05 7.015904e-05 8.810585e-07 6.707665e-02 1.455547e-02 1.777601e-01
488028 8.610564e-05 7.424919e-02 1.790428e-05 6.665363e-05 8.757652e-07 6.216099e-02 1.455579e-02 1.774812e-01
490456 6.852406e-05 7.176733e-02 1.767034e-05 6.916069e-05 8.783878e-07 6.457730e-02 1.455585e-02 1.776016e-01
492884 6.724620e-05 6.599733e-02 1.739382e-05 7.323689e-05 8.632443e-07 7.016106e-02 1.455601e-02 1.778506e-01
495312 6.585317e-05 6.767638e-02 1.741518e-05 7.120049e-05 8.741319e-07 6.854588e-02 1.455650e-02 1.777383e-01
497740 6.520416e-05 7.369702e-02 1.756641e-05 6.714206e-05 8.572923e-07 6.270188e-02 1.455722e-02 1.774419e-01
500168 6.397710e-05 7.294004e-02 1.737237e-05 6.902910e-05 8.780527e-07 6.338040e-02 1.455801e-02 1.774811e-01
502596 6.153670e-05 6.709200e-02 1.704768e-05 7.294403e-05 8.601797e-07 6.903587e-02 1.455861e-02 1.777566e-01
505024 6.431457e-05 6.682845e-02 1.746279e-05 7.135230e-05 8.612908e-07 6.930636e-02 1.455888e-02 1.777595e-01
507452 6.964598e-05 7.200896e-02 1.751421e-05 6.759156e-05 8.569220e-07 6.423631e-02 1.455895e-02 1.775160e-01
509880 6.870749e-05 7.322509e-02 1.712741e-05 6.845018e-05 8.537372e-07 6.298126e-02 1.455912e-02 1.774632e-01
512308 6.456061e-05 6.898986e-02 1.682745e-05 7.152887e-05 8.542964e-07 6.709684e-02 1.455957e-02 1.776481e-01
514736 7.885679e-05 6.678911e-02 1.714308e-05 7.138213e-05 8.575552e-07 6.924129e-02 1.456025e-02 1.777508e-01
517164 8.564730e-05 6.966031e-02 1.744040e-05 6.941476e-05 8.578102e-07 6.638992e-02 1.456094e-02 1.776528e-01
519592 7.385388e-05 7.264150e-02 1.716281e-05 6.878413e-05 8.611836e-07 6.346344e-02 1.456145e-02 1.775376e-01
522020 8.124882e-05 7.127742e-02 1.718413e-05 6.973523e-05 8.471453e-07 6.482948e-02 1.456173e-02 1.775828e-01
524448 7.145510e-05 6.769470e-02 1.717693e-05 7.084643e-05 8.488862e-07 6.836692e-02 1.456186e-02 1.777550e-01
526876 5.795173e-05 6.748727e-02 1.693409e-05 7.096835e-05 8.433213e-07 6.855435e-02 1.456206e-02 1.777630e-01
529304 6.696203e-05 7.152183e-02 1.682455e-05 6.920251e-05 8.477515e-07 6.462911e-02 1.456250e-02 1.775242e-01
531732 6.412786e-05 7.336644e-02 1.690255e-05 6.810874e-05 8.526540e-07 6.289129e-02 1.456314e-02 1.774145e-01
534160 5.884060e-05 6.923790e-02 1.704464e-05 7.044935e-05 8.599809e-07 6.695660e-02 1.456384e-02 1.776355e-01
536588 5.982300e-05 6.598680e-02 1.703578e-05 7.253614e-05 8.509689e-07 7.010078e-02 1.456432e-02 1.778029e-01
539016 5.525786e-05 7.002426e-02 1.663927e-05 6.969699e-05 8.491526e-07 6.619997e-02 1.456444e-02 1.775991e-01
541444 5.410331e-05 7.446124e-02 1.672488e-05 6.678618e-05 8.475912e-07 6.193103e-02 1.456449e-02 1.773821e-01
543872 5.966474e-05 7.080282e-02 1.693743e-05 7.001618e-05 8.460999e-07 6.548304e-02 1.456471e-02 1.775691e-01
546300 6.391899e-05 6.549993e-02 1.694850e-05 7.361189e-05 8.505759e-07 7.062226e-02 1.456523e-02 1.778146e-01
548728 6.367367e-05 6.849119e-02 1.665225e-05 7.051206e-05 8.456336e-07 6.773004e-02 1.456589e-02 1.776693e-01
551156 6.597004e-05 7.419764e-02 1.666923e-05 6.682855e-05 8.548887e-07 6.216498e-02 1.456655e-02 1.774157e-01
553584 7.665124e-05 7.202779e-02 1.707672e-05 7.002795e-05 8.492429e-07 6.422761e-02 1.456703e-02 1.775361e-01
556012 7.890894e-05 6.628786e-02 1.745904e-05 7.370798e-05 8.538585e-07 6.979976e-02 1.456726e-02 1.778067e-01
558440 6.620133e-05 6.747125e-02 1.736638e-05 7.084761e-05 8.577010e-07 6.868076e-02 1.456740e-02 1.777406e-01
560868 7.085282e-05 7.282879e-02 1.723304e-05 6.745295e-05 8.470247e-07 6.341533e-02 1.456762e-02 1.774745e-01
563296 7.373056e-05 7.274063e-02 1.729161e-05 6.986163e-05 8.532199e-07 6.341757e-02 1.456807e-02 1.774577e-01
565724 5.711025e-05 6.817169e-02 1.691440e-05 7.293229e-05 8.566706e-07 6.787753e-02 1.456875e-02 1.776581e-01
568152 5.764412e-05 6.710130e-02 1.687584e-05 7.156429e-05 8.568848e-07 6.894616e-02 1.456924e-02 1.777131e-01
570580 6.545028e-05 7.050607e-02 1.700751e-05 6.922450e-05 8.475814e-07 6.554969e-02 1.456958e-02 1.775632e-01
573008 6.452663e-05 7.261020e-02 1.697617e-05 6.962215e-05 8.552685e-07 6.345731e-02 1.456978e-02 1.774494e-01
575436 6.555303e-05 7.053306e-02 1.707627e-05 7.082462e-05 8.554389e-07 6.554135e-02 1.456989e-02 1.775272e-01
577864 7.061447e-05 6.742482e-02 1.713311e-05 7.132689e-05 8.442123e-07 6.858722e-02 1.457017e-02 1.776869e-01
580292 7.466908e-05 6.799608e-02 1.707063e-05 7.112053e-05 8.395620e-07 6.798995e-02 1.457063e-02 1.776831e-01
582720 7.602164e-05 7.191407e-02 1.695698e-05 6.966765e-05 8.499742e-07 6.416495e-02 1.457117e-02 1.775046e-01
585148 7.909406e-05 7.294074e-02 1.696538e-05 6.904573e-05 8.457719e-07 6.323907e-02 1.457173e-02 1.774727e-01
587576 8.519476e-05 6.855476e-02 1.729447e-05 7.140315e-05 8.531824e-07 6.756086e-02 1.457212e-02 1.777325e-01
590004 9.281370e-05 6.614865e-02 1.782053e-05 7.289383e-05 8.430737e-07 6.991773e-02 1.457239e-02 1.778468e-01
592432 7.756054e-05 7.083773e-02 1.767401e-05 6.969094e-05 8.415667e-07 6.538734e-02 1.457254e-02 1.775938e-01
594860 6.432825e-05 7.450307e-02 1.740272e-05 6.753515e-05 8.518891e-07 6.188787e-02 1.457277e-02 1.773959e-01
597288 7.515021e-05 6.986351e-02 1.732187e-05 7.164719e-05 8.461654e-07 6.638957e-02 1.457323e-02 1.776056e-01
599716 8.328839e-05 6.522186e-02 1.727736e-05 7.476191e-05 8.485283e-07 7.090197e-02 1.457380e-02 1.777983e-01
602144 8.146194e-05 6.945615e-02 1.747110e-05 7.060023e-05 8.545827e-07 6.679406e-02 1.457431e-02 1.775815e-01
604572 7.756397e-05 7.469284e-02 1.757064e-05 6.739142e-05 8.468926e-07 6.167785e-02 1.457469e-02 1.773626e-01
607000 7.155703e-05 7.114678e-02 1.739841e-05 7.123316e-05 8.502446e-07 6.506793e-02 1.457498e-02 1.775500e-01
609428 6.808806e-05 6.572474e-02 1.709270e-05 7.418268e-05 8.464937e-07 7.036275e-02 1.457521e-02 1.777734e-01
611856 6.303796e-05 6.833317e-02 1.672451e-05 7.034049e-05 8.425863e-07 6.785238e-02 1.457546e-02 1.776176e-01
614284 5.734395e-05 7.350465e-02 1.655205e-05 6.762767e-05 8.270653e-07 6.272579e-02 1.457585e-02 1.773658e-01
616712 5.844862e-05 7.198668e-02 1.666803e-05 7.098406e-05 8.372567e-07 6.411437e-02 1.457636e-02 1.774119e-01
619140 6.103839e-05 6.734413e-02 1.686101e-05 7.336353e-05 8.462799e-07 6.865692e-02 1.457681e-02 1.776068e-01
621568 5.945964e-05 6.751866e-02 1.674162e-05 7.079159e-05 8.323028e-07 6.850315e-02 1.457714e-02 1.776072e-01
623996 5.120691e-05 7.119731e-02 1.637189e-05 6.890215e-05 8.466855e-07 6.483235e-02 1.457728e-02 1.774651e-01
626424 4.631066e-05 7.236039e-02 1.627919e-05 7.003702e-05 8.204644e-07 6.363278e-02 1.457737e-02 1.773929e-01
628852 5.098680e-05 6.986123e-02 1.627054e-05 7.104371e-05 8.349605e-07 6.613433e-02 1.457764e-02 1.774825e-01
631280 5.129089e-05 6.744187e-02 1.636383e-05 7.091318e-05 8.216861e-07 6.856330e-02 1.457804e-02 1.776131e-01
633708 4.452345e-05 6.861834e-02 1.630030e-05 7.074081e-05 8.290049e-07 6.735990e-02 1.457849e-02 1.775838e-01
636136 4.324153e-05 7.222873e-02 1.625590e-05 6.956001e-05 8.213515e-07 6.384616e-02 1.457885e-02 1.773886e-01
638564 4.569875e-05 7.247168e-02 1.619764e-05 6.892220e-05 8.228876e-07 6.370218e-02 1.457906e-02 1.773610e-01
640992 4.541293e-05 6.794148e-02 1.612487e-05 7.118684e-05 8.176938e-07 6.816579e-02 1.457923e-02 1.776144e-01
643420 4.583478e-05 6.633527e-02 1.617787e-05 7.246117e-05 8.205842e-07 6.971690e-02 1.457941e-02 1.776894e-01
645848 5.091992e-05 7.150892e-02 1.617813e-05 6.901587e-05 8.165242e-07 6.471100e-02 1.457961e-02 1.774170e-01
648276 5.826920e-05 7.437472e-02 1.634975e-05 6.726347e-05 8.207965e-07 6.195231e-02 1.458004e-02 1.772908e-01
650704 6.288567e-05 6.896576e-02 1.650166e-05 7.165287e-05 8.122097e-07 6.722696e-02 1.458060e-02 1.775898e-01
653132 6.396558e-05 6.516645e-02 1.645044e-05 7.383214e-05 8.304711e-07 7.093244e-02 1.458108e-02 1.777752e-01
655560 6.141977e-05 7.052281e-02 1.649936e-05 6.902753e-05 8.179286e-07 6.575739e-02 1.458137e-02 1.775087e-01
657988 6.275855e-05 7.498378e-02 1.639777e-05 6.638350e-05 8.227552e-07 6.137435e-02 1.458154e-02 1.773045e-01
660416 5.903511e-05 7.007847e-02 1.651627e-05 7.147987e-05 8.235107e-07 6.609735e-02 1.458187e-02 1.775327e-01
662844 5.281268e-05 6.526397e-02 1.635848e-05 7.406487e-05 8.071094e-07 7.080967e-02 1.458224e-02 1.777074e-01
665272 5.243914e-05 6.924379e-02 1.624667e-05 6.938518e-05 8.141697e-07 6.693245e-02 1.458267e-02 1.774973e-01
667700 5.559541e-05 7.395631e-02 1.625733e-05 6.713247e-05 8.169836e-07 6.222419e-02 1.458306e-02 1.772783e-01
670128 5.518777e-05 7.108795e-02 1.629852e-05 7.131427e-05 8.172631e-07 6.491126e-02 1.458338e-02 1.774070e-01
672556 5.219688e-05 6.674317e-02 1.626290e-05 7.296015e-05 8.226818e-07 6.918178e-02 1.458354e-02 1.775906e-01
674984 5.031601e-05 6.818803e-02 1.618153e-05 6.962562e-05 8.214643e-07 6.780090e-02 1.458368e-02 1.775343e-01
677412 5.095748e-05 7.182123e-02 1.626328e-05 6.824507e-05 8.119754e-07 6.413024e-02 1.458387e-02 1.773817e-01
679840 5.080793e-05 7.188866e-02 1.619434e-05 7.031587e-05 8.178428e-07 6.400128e-02 1.458417e-02 1.773526e-01
682268 4.874773e-05 6.917596e-02 1.607520e-05 7.102561e-05 8.202972e-07 6.676050e-02 1.458457e-02 1.774574e-01
684696 4.526951e-05 6.750748e-02 1.594659e-05 7.040235e-05 8.165444e-07 6.842746e-02 1.458497e-02 1.775653e-01
687124 4.163168e-05 6.910902e-02 1.593275e-05 7.021660e-05 8.238376e-07 6.680040e-02 1.458524e-02 1.775077e-01
